 22.021257 -32.020138 645.785583	 364.941101 473.346039
 17.498684 -50.812141 633.391357	 384.544373 412.922272
 24.899454 -18.570993 654.885986	 352.063293 516.901733
 17.532259 -39.970879 644.863342	 382.949463 462.413818
 25.874435 -35.833366 638.213135	 351.720947 445.187134
 1.248267 -43.752659 625.354797	 436.632996 393.623840
 -1.831811 -45.946579 619.523987	 446.673706 372.622681
 37.489647 -37.660503 622.253418	 309.620178 391.976440
 -5.183048 -11.103070 639.588928	 446.432831 469.951965
 8.110120 -21.932430 649.923584	 409.361145 495.449768
 32.273872 -1.166239 657.658813	 321.650177 541.294434
 17.739664 -43.268143 642.302612	 382.681549 450.552551
 18.435839 -24.802975 657.414001	 375.909973 517.907837
 18.239058 -36.551216 647.236633	 379.816559 474.157135
 15.290733 -44.255447 642.147095	 392.359070 449.468323
 -2.228774 -27.388762 632.791687	 442.504425 433.567749
 18.996008 -21.421988 661.080566	 374.395111 533.606873
 30.421236 -41.604210 625.017273	 334.823608 396.094604
 1.707282 -24.488041 639.457581	 429.413116 459.209412
 39.260254 -10.417947 642.372742	 298.748169 483.626160
 34.079334 -21.855501 637.492371	 320.855103 456.890961
 10.144663 -37.226139 638.402710	 405.356293 443.169312
 15.110952 -46.431946 640.690125	 393.372498 442.468689
 19.163038 -11.707865 666.341003	 370.155701 558.352600
 1.105037 -33.362759 631.501343	 433.795685 423.556824
 17.968748 -10.022259 670.972412	 375.328735 575.480286
 1.108862 -52.215538 601.856140	 434.907166 307.941986
 32.318924 -14.704214 648.227722	 324.689026 498.375427
 28.018635 -22.479849 647.622559	 342.426331 488.159393
 -7.660029 -23.446756 628.915100	 458.237549 426.269653
 8.207448 -19.094610 651.873962	 407.865417 504.681091
 -5.413405 -42.270206 617.912354	 456.378601 371.108673
 -3.025251 -22.350218 635.091858	 443.648071 446.051636
 5.792093 -8.603136 656.680847	 412.958954 529.552856
 27.317358 -13.628503 655.535461	 342.452026 522.646118
 13.146112 -48.212757 636.703918	 400.547424 426.965942
 5.139271 -59.500710 610.872009	 426.434387 331.664917
 28.994892 -47.643661 596.812500	 338.521973 298.520508
 40.460072 -20.516283 633.121948	 296.134888 443.729126
 28.746681 -46.336742 593.796143	 337.529053 289.475067
 40.800507 3.429864 652.100464	 291.279022 528.462952
 2.692039 -48.469463 623.296875	 432.796143 382.458923
 24.614269 -7.316619 664.398682	 350.220795 556.366821
 32.433678 -28.757732 634.640503	 326.126953 441.484924
 -0.890405 -12.911929 645.321472	 434.398621 488.944946
 17.270451 -52.476074 603.114197	 380.345520 311.975433
 32.219898 -33.075451 631.392517	 328.205963 426.761658
 25.703156 -23.630787 650.439941	 350.758728 497.458801
 -0.450090 -18.662796 641.860168	 434.595032 472.432922
 20.943846 -56.753414 627.291138	 373.873962 387.378235
 18.588419 -30.020025 654.112061	 376.470520 501.592743
 4.996041 -14.740340 650.984375	 415.898926 506.389130
 33.225483 -2.119971 620.043823	 468.367737 305.326996
 38.152672 -0.765025 626.288086	 316.369812 392.246429
 9.102953 -50.837643 600.259766	 411.451477 306.114258
 -12.643321 -49.804855 600.924133	 389.514404 261.974579
 41.285027 -24.804251 627.779053	 294.487152 423.564850
 16.620178 -15.808825 664.998840	 380.530823 551.191406
 2.985299 0.037826 616.880371	 316.369812 392.246429
 33.009998 -21.852102 640.005432	 323.950989 465.163147
 40.339367 -27.548992 626.189880	 298.154266 415.275055
 18.855328 -48.711296 598.034424	 373.197540 299.659546
 -10.031183 -20.804867 617.148193	 275.125366 533.936035
 24.424713 -48.403160 596.579163	 354.357056 296.276733
 2.068969 16.836086 634.977478	 459.738647 304.468719
 30.527067 -53.639759 602.935669	 332.813812 310.749207
 15.423764 -51.335335 601.038025	 386.838074 307.183105
 16.139063 -35.448307 650.321777	 388.004639 484.571167
 -8.144971 -2.085969 645.022705	 402.055206 302.170685
 24.508865 -5.567260 666.571350	 351.078033 566.214722
 10.718007 -51.389313 601.377197	 402.643494 306.990845
 20.160120 -58.986015 625.037231	 377.479706 377.217041
 34.097183 -46.800858 618.177551	 323.428864 368.006165
 44.056114 -34.165615 615.784302	 285.493622 375.189453
 -6.664647 -47.781792 597.635742	 481.598083 304.562958
 -6.943456 -20.842268 632.304199	 454.797546 436.708923
 -5.152446 -20.936197 631.819214	 448.641296 436.550018
 41.128620 -49.441048 596.647156	 402.185455 511.800690
 1.378321 -56.548130 607.728149	 437.013947 322.526062
 10.647880 -12.759775 657.626099	 396.824921 529.192261
 -7.262641 -35.836342 620.367676	 459.346436 384.661102
 30.939331 -53.967869 603.634033	 332.813812 310.749207
 20.709240 -29.424580 649.790100	 368.198669 487.497131
 25.323193 -10.933064 660.437988	 349.043671 542.623779
 32.394154 -36.554615 627.739136	 328.151794 409.760376
 25.376320 -33.359787 640.126526	 361.165649 464.018677
 18.573544 -42.925156 588.856689	 370.187592 276.737762
 -0.343411 -15.435238 612.381653	 456.952393 276.544006
 -1.752758 -48.925930 598.497253	 306.393555 277.388275
 6.812127 -57.340359 608.603699	 422.309082 311.201599
 38.893044 0.390163 629.354980	 316.928131 383.808472
 36.059902 -40.786057 594.106873	 333.514038 305.212708
 8.460331 -38.092743 585.548767	 449.836304 539.987061
 1.190890 13.835061 632.785706	 285.128540 545.407776
 -5.298651 -54.870178 605.771790	 309.917603 457.632568
 -3.429439 -6.754325 621.004333	 416.027527 361.807922
 28.527374 24.681421 634.512146	 447.073181 350.954468
 28.242615 -42.501415 588.608887	 335.033966 276.551819
 -1.085486 3.541218 656.382080	 430.333740 538.024292
 32.539505 -1.607404 618.704163	 429.156677 289.945435
 33.405685 11.131545 629.400513	 439.548920 502.776917
 14.894622 -50.691864 600.162048	 455.181274 542.834412
 4.665380 -5.988025 657.717896	 416.300568 533.989990
 45.285683 -22.576326 621.025146	 459.217468 521.650513
 -7.008908 -13.290617 635.988159	 455.168640 456.316467
 -5.830344 -48.342384 598.569946	 345.402893 338.014740
 40.684479 -47.423504 595.395935	 347.330139 451.283173
 32.886318 -7.406721 653.938660	 321.024536 522.832153
 27.279533 -53.141644 619.935852	 349.722046 365.885681
 7.850437 -52.972065 603.296509	 412.977356 311.703583
 33.607143 26.460106 642.312805	 422.522949 574.597168
 35.312725 -39.763897 620.453064	 316.928131 383.808472
 44.182346 -22.274992 618.388367	 466.228516 393.200684
 -11.264575 -41.747864 600.524597	 312.158112 296.070557
 8.936348 -52.231686 602.299438	 407.630463 308.933960
 32.916920 -51.763748 600.206665	 326.662323 304.447998
 13.878838 -59.675385 628.598022	 397.719604 388.066772
 1.466299 13.905189 633.639587	 284.966492 359.538361
 6.754325 -54.174427 604.209473	 418.227997 313.891296
 21.169531 -31.259367 648.479309	 368.010254 486.057312
 12.519642 -53.903271 603.515808	 407.063538 314.456390
 32.875694 -51.600117 600.196899	 291.147552 430.925568
 29.083294 -53.198170 602.404419	 340.085541 309.829712
 31.801682 -38.628262 627.328979	 328.151794 409.760376
 9.961481 -49.799332 599.294617	 406.690918 303.624146
 10.941990 -26.289677 649.758240	 351.078033 566.214722
 -8.084194 -46.380096 596.084900	 437.501892 301.135529
 0.275834 -44.992847 622.282776	 443.648071 446.051636
 44.949497 13.595778 657.994995	 436.444092 430.930389
 29.149595 -53.004364 602.058472	 340.085541 309.829712
 37.230816 -2.145471 652.134521	 309.312286 367.415527
 28.248140 11.976474 623.959045	 438.077026 536.881714
 19.423145 -43.361641 590.634094	 456.819275 490.096832
 6.892030 -22.291992 647.877991	 413.297699 487.676788
 4.788209 -5.539209 657.535156	 340.020416 478.844696
 19.146887 9.274234 611.458923	 436.632996 393.623840
 43.278767 0.607770 646.840515	 329.905945 290.061646
 15.411438 -68.333771 623.260742	 447.003845 321.172943
 17.775366 -63.320732 625.159668	 314.937500 335.419434
 20.585985 5.013467 608.740112	 382.536255 331.732452
 25.804308 -7.887412 606.802063	 434.907166 307.941986
 15.768450 -67.965286 621.648254	 461.718384 433.137177
 29.198473 -36.412235 631.819641	 339.968994 422.201660
 32.617287 -17.111494 645.090698	 289.072723 510.623657
 18.438389 -54.261135 634.376587	 341.976868 322.649078
 37.053158 -30.796951 601.531860	 376.409302 321.988068
 19.467773 -61.414120 612.917969	 412.042053 542.199341
 8.813093 -41.043194 588.970154	 401.815735 279.074005
 15.891279 -31.397921 576.854309	 296.285767 295.127441
 6.267259 -8.234224 606.234619	 316.960846 440.607422
 -5.684139 8.449282 636.961060	 437.501892 301.135529
 17.707790 -36.094753 581.540466	 294.487152 423.564850
 33.612667 -28.388819 634.203125	 325.553436 356.738190
 -11.153646 -36.439865 610.358154	 335.905090 451.094910
 27.662470 31.792759 637.370728	 458.647766 301.127136
 -6.618320 -2.374129 646.969299	 449.369354 502.588501
 8.571260 31.805082 637.932251	 412.986755 409.767914
 6.735624 -43.214165 590.375671	 443.986145 484.235107
 33.106476 -52.477345 598.268188	 325.289246 297.584076
 12.250182 -2.754942 603.597046	 391.697205 370.455627
 32.693363 -40.397594 623.701843	 327.618164 393.691742
 37.501549 -30.365561 627.544006	 308.459106 416.617554
 -9.585770 -48.799274 600.231323	 417.522308 309.032776
 -5.472482 12.693473 640.984192	 411.496399 393.066284
 37.248241 -19.003233 613.068481	 318.975830 364.957123
 10.109386 -59.443752 623.292603	 447.914734 334.425110
 29.728039 -52.487549 601.282349	 467.988892 413.341614
 21.171656 -13.444047 596.740723	 370.259918 399.578186
 14.621761 -64.150360 621.672424	 277.586548 414.903870
 2.406430 2.959799 661.089966	 419.836853 553.853027
 37.747635 -49.469521 596.296997	 317.707367 311.899597
 33.330032 2.439581 624.024475	 305.399567 300.331482
 7.685956 18.043550 627.871704	 449.670685 413.877350
 12.360262 -22.472198 652.610535	 396.113373 504.389984
 4.936114 -52.567448 602.862183	 422.309082 311.201599
 25.642378 -29.436056 589.127441	 436.444092 430.930389
 32.190998 -41.838818 587.737610	 299.576599 307.361542
 32.821716 -51.158955 599.348572	 277.096802 557.588745
 29.773943 -18.477915 602.480530	 304.242676 490.624207
 20.309301 -39.801300 586.507629	 353.331055 586.930481
 -7.006358 -49.620403 600.433228	 464.188782 305.092438
 7.089661 -36.940105 583.244324	 396.722656 578.593628
 10.289167 -41.271423 588.856262	 330.875549 264.613098
 46.316765 -12.938280 629.802979	 394.661011 416.486938
 22.340870 -50.193321 599.696655	 361.214081 303.228455
 1.401697 25.817059 643.705627	 333.504120 468.650909
 19.263765 -6.121479 672.649048	 275.125366 533.936035
 1.288218 -12.098453 610.395935	 455.042297 473.596008
 46.388168 -26.409103 617.585938	 435.384308 402.943604
 12.728324 -65.776886 617.494568	 271.322815 525.927002
 9.292934 -10.772834 601.034607	 419.177673 291.164917
 4.415472 -18.625395 599.683044	 329.911865 545.739258
 4.582078 -42.534142 590.286011	 417.084961 281.302856
 5.917472 -5.111220 659.703979	 298.604797 392.653625
 38.335850 -21.343361 611.440613	 289.510315 398.758057
 29.805393 10.209265 626.170349	 370.752930 258.868408
 -0.461990 -12.958256 611.478455	 339.991821 543.952393
 -0.318761 -48.010872 598.484985	 427.237122 507.631958
 -11.837070 -50.527382 603.004150	 473.710297 305.953217
 -0.641346 2.558160 656.063721	 430.333740 538.024292
 -10.066885 -25.685305 613.332397	 284.389771 465.276245
 5.982074 0.680023 615.864197	 447.073181 350.954468
 20.087019 -38.564510 643.290771	 462.108154 452.318909
 32.857418 -49.349243 598.121521	 325.289246 297.584076
 33.120502 -11.526809 612.542725	 410.840149 560.811096
 5.693065 -36.577568 584.198914	 362.143524 537.707397
 -2.949173 1.243591 627.105835	 331.701599 524.816284
 11.179996 -37.708103 641.054321	 402.903748 451.742065
 8.412305 19.214890 627.121155	 419.836853 553.853027
 19.418472 9.553893 612.051392	 309.770691 472.760254
 -11.573135 -3.661072 637.203308	 284.910980 489.970337
 -4.800960 13.132937 640.765320	 425.857239 495.914764
 7.382496 19.189814 627.692749	 427.911072 412.487854
 11.921222 -43.192490 591.031921	 392.797974 280.716949
 -0.957557 -45.439537 620.220581	 453.967560 557.560547
 29.396955 -16.673729 650.099060	 335.873169 502.800598
 37.862385 -25.147661 607.778320	 334.823608 396.094604
 27.699448 -61.310413 610.342834	 371.556763 525.524475
 22.275841 -37.512173 582.809570	 382.536255 331.732452
 27.866051 30.510067 637.805176	 333.925964 344.551208
 16.006033 22.361269 621.139465	 451.172424 361.041351
