 23.228724 -46.586224 632.239990	 176.952591 437.175110
 29.226097 -38.130993 629.582397	 154.795761 438.541321
 -2.228774 -27.388762 632.791687	 260.976379 456.083191
 24.899454 -18.570993 654.885986	 169.539917 538.977478
 25.874435 -35.833366 638.213135	 166.917389 467.687927
 39.260254 -10.417947 642.372742	 117.966972 506.216003
 17.532259 -39.970879 644.863342	 197.018143 485.166565
 17.498684 -50.812141 633.391357	 197.038132 435.468872
 -5.183048 -11.103070 639.588928	 266.867920 492.700317
 22.021257 -32.020138 645.785583	 180.505447 496.048584
 -3.239883 -14.549085 642.414001	 262.024078 500.221069
 18.996008 -21.421988 661.080566	 191.538849 556.608887
 34.079334 -21.855501 637.492371	 138.264954 479.182465
 15.290733 -44.255447 642.147095	 205.418839 472.017670
 17.968748 -10.022259 670.972412	 193.655151 598.318359
 15.110952 -46.431946 640.690125	 206.978485 465.108490
 -5.413405 -42.270206 617.912354	 273.072021 393.157257
 4.996041 -14.740340 650.984375	 235.719742 528.356812
 18.239058 -36.551216 647.236633	 194.696259 496.783569
 -0.890405 -12.911929 645.321472	 254.669937 511.532257
 28.018635 -22.479849 647.622559	 159.231323 510.855042
 -3.025251 -22.350218 635.091858	 262.995605 468.695251
 10.695056 -47.761818 596.752625	 216.057861 318.981079
 1.248267 -43.752659 625.354797	 252.260468 416.410522
 24.614269 -7.316619 664.398682	 169.987915 579.619934
 -1.831811 -45.946579 619.523987	 262.600220 395.062378
 32.875694 -51.600117 600.196899	 140.418945 326.621246
 17.270451 -52.476074 603.114197	 194.700943 334.171967
 1.105037 -33.362759 631.501343	 251.129776 445.619202
 32.433678 -28.757732 634.640503	 142.697128 463.926971
 8.207448 -19.094610 651.873962	 226.288086 527.567078
 13.146112 -48.212757 636.703918	 213.261551 449.693787
 30.527067 -53.639759 602.935669	 147.318253 332.785095
 10.144663 -37.226139 638.402710	 220.161530 465.735535
 5.139271 -59.500710 610.872009	 239.442612 354.413116
 19.163038 -11.707865 666.341003	 188.441818 581.203735
 40.800507 3.429864 652.100464	 112.375648 550.690796
 17.622787 -51.325558 601.387329	 193.299606 327.850189
 2.692039 -48.469463 623.296875	 247.642639 404.877869
 -6.943456 -20.842268 632.304199	 274.788940 459.825745
 38.152672 -0.765025 626.288086	 132.143082 414.462128
 1.707282 -24.488041 639.457581	 247.557526 481.791870
 27.279533 -53.141644 619.935852	 162.607727 388.615234
 18.612219 -15.374037 664.779480	 189.706650 572.920166
 18.435839 -24.802975 657.414001	 191.916656 540.522949
 37.489647 -37.660503 622.253418	 125.505196 414.604980
 25.703156 -23.630787 650.439941	 167.066284 519.974976
 17.396679 -50.285549 600.265320	 193.299606 327.850189
 28.746681 -46.336742 593.796143	 153.263504 311.444427
 -2.164597 -48.796299 599.147095	 260.070221 324.214478
 18.588419 -30.020025 654.112061	 192.162399 524.388733
 2.985299 0.037826 616.880371	 132.143082 414.462128
 -14.359954 -43.611553 602.342834	 194.423431 298.192993
 40.460072 -20.516283 633.121948	 113.753403 466.511169
 9.544118 -21.163580 651.374146	 188.934906 399.383789
 18.356361 -16.955940 663.925232	 191.466721 568.821777
 27.317358 -13.628503 655.535461	 160.641937 545.275940
 4.665380 -5.988025 657.717896	 236.951080 556.524170
 20.943846 -56.753414 627.291138	 185.362366 410.005066
 20.144396 -17.791092 661.312256	 187.222595 560.679016
 -1.085486 3.541218 656.382080	 252.545380 560.740356
 19.323692 -37.165363 582.404968	 275.018005 316.156433
 4.690456 -55.678555 620.777344	 116.148453 368.363007
 -2.795743 11.237374 636.176025	 90.684570 514.224976
 24.424713 -48.403160 596.579163	 169.344666 318.298370
 41.603359 -7.493424 640.514587	 108.679420 503.250183
 16.120787 -56.604660 629.517395	 202.974274 416.191711
 9.102953 -50.837643 600.259766	 226.781097 328.429993
 23.731939 -46.069836 631.742676	 167.519501 431.658142
 28.242615 -42.501415 588.608887	 151.848404 298.543976
 18.855328 -48.711296 598.034424	 188.265335 320.994690
 40.339367 -27.548992 626.189880	 114.657310 437.512146
 16.139063 -35.448307 650.321777	 202.707336 507.596222
 6.892030 -22.291992 647.877991	 231.066010 510.764008
 21.169531 -31.259367 648.479309	 183.600555 507.552368
 33.009998 -21.852102 640.005432	 141.030426 487.403503
 34.097183 -46.800858 618.177551	 137.075180 390.761047
 33.406540 -8.233374 651.611755	 138.741425 537.960022
 33.225483 -2.119971 620.043823	 284.740204 326.968353
 10.718007 -51.389313 601.377197	 217.858414 329.211823
 43.926064 -33.479641 615.542480	 101.493164 397.191620
 13.507374 -49.013481 598.970764	 207.813049 321.549957
 31.710306 -16.933413 646.794983	 145.079926 514.430115
 42.314835 -24.964481 613.603943	 195.462143 305.281891
 6.812127 -57.340359 608.603699	 237.167831 333.401093
 32.219898 -33.075451 631.392517	 143.806641 450.121277
 28.994892 -47.643661 596.812500	 153.086060 320.629822
 15.423764 -51.335335 601.038025	 201.769394 329.538818
 28.527374 24.681421 634.512146	 261.787598 373.293701
 22.298794 -55.411644 622.867126	 179.921753 396.574677
 11.921222 -43.192490 591.031921	 210.417191 303.554840
 29.149595 -53.004364 602.058472	 154.036789 331.699524
 30.055725 -30.654572 638.496155	 152.025482 473.580536
 -8.144971 -2.085969 645.022705	 217.886536 324.486633
 18.573544 -42.925156 588.856689	 187.435242 299.454346
 -7.262641 -35.836342 620.367676	 276.366394 407.149536
 16.286118 -29.506184 653.398071	 201.016479 522.913879
 12.752550 -56.345398 607.687805	 245.682281 311.612213
 41.285027 -24.804251 627.779053	 111.353119 445.241180
 1.385546 14.842769 633.441040	 273.663086 435.168396
 -11.264575 -41.747864 600.524597	 127.077423 318.322876
 20.016041 -54.928402 604.556702	 274.785980 298.898712
 -7.257542 -48.523865 598.861084	 278.302185 323.804596
 1.378321 -56.548130 607.728149	 251.115616 344.875061
 29.083294 -53.198170 602.404419	 154.036789 331.699524
 24.818701 -51.057377 599.339661	 167.253448 324.181519
 45.285683 -22.576326 621.025146	 283.840240 544.259644
 37.248241 -19.003233 613.068481	 133.363297 387.417358
 19.467773 -61.414120 612.917969	 232.731995 564.776978
 25.323193 -10.933064 660.437988	 167.509109 565.508179
 43.278767 0.607770 646.840515	 145.553284 312.003021
 4.936114 -52.567448 602.862183	 237.167831 333.401093
 9.105927 -40.973064 635.935486	 224.707550 455.165436
 -5.134596 14.912472 642.003418	 114.845428 519.513855
 36.059902 -40.786057 594.106873	 147.724106 327.422729
 -7.008908 -13.290617 635.988159	 275.647797 479.244873
 -5.298651 -54.870178 605.771790	 127.570488 479.872009
 32.886318 -7.406721 653.938660	 140.549805 545.928162
 43.144035 -11.292201 636.476074	 103.580238 487.481934
 9.961481 -49.799332 599.294617	 222.152634 325.911987
 20.309301 -39.801300 586.507629	 173.071686 610.102051
 29.987299 -22.830910 643.455261	 151.201691 498.460938
 26.974375 -48.092476 596.627625	 161.940521 318.835358
 12.643321 -1.235941 604.370972	 226.736923 302.070068
 -6.053477 -49.549423 600.046021	 275.835510 326.752533
 -11.153646 -26.601210 613.977539	 298.344360 326.650330
 19.897461 -51.338734 601.756287	 242.957443 527.326477
 -5.830344 -48.342384 598.569946	 157.369141 359.989746
 33.405685 11.131545 629.400513	 260.807434 525.782227
 21.713123 -54.879951 626.579224	 185.362366 410.005066
 7.850437 -52.972065 603.296509	 227.528870 333.809265
 -11.463481 -1.570002 636.454834	 148.352066 289.026123
 21.498491 7.257117 612.432617	 133.363297 387.417358
 4.774609 -40.245014 587.405640	 293.806366 332.545013
 15.703423 -12.658196 666.149719	 267.547241 364.538330
 18.438389 -54.261135 634.376587	 154.280884 345.087158
 4.391246 -42.265533 590.009705	 234.954575 303.157318
 10.675506 15.719148 621.997192	 184.991333 308.338379
 34.171989 -27.427864 633.962585	 135.102463 462.981140
 8.936348 -52.231686 602.299438	 222.612732 331.090912
 -0.624346 -40.700203 588.829956	 272.377869 311.883362
 -8.084194 -46.380096 596.084900	 254.120331 323.312958
 11.179996 -37.708103 641.054321	 217.898041 474.317902
 32.152321 2.644863 664.307739	 179.384888 383.897644
 5.982074 0.680023 615.864197	 261.787598 373.293701
 1.174314 -39.419212 627.038635	 156.876465 501.554749
 31.801682 -38.628262 627.328979	 143.554840 431.816772
 32.394154 -36.554615 627.739136	 143.554840 431.816772
 44.949497 13.595778 657.994995	 254.365372 453.316345
 44.345978 -20.354351 620.538086	 145.553284 312.003021
 -1.752758 -48.925930 598.497253	 123.908417 299.682739
 11.805617 -8.360879 663.461975	 213.402283 575.648743
 24.613419 -46.491024 595.299866	 138.741425 537.960022
 0.275834 -44.992847 622.282776	 262.995605 468.695251
 15.690672 -37.071434 583.194214	 170.053802 311.642578
 4.462648 -54.180378 603.917908	 219.833069 506.468384
 43.445797 -11.260324 626.087036	 207.052155 382.595215
 18.207180 -41.339428 588.438477	 187.435242 299.454346
 -9.585770 -48.799274 600.231323	 232.765717 331.403748
 15.891279 -31.397921 576.854309	 110.231247 317.047150
 8.348978 -36.653645 582.231567	 187.222595 560.679016
 -4.549351 -22.100309 606.782471	 130.729584 379.862213
 15.411438 -68.333771 623.260742	 261.339233 343.181519
 25.642378 -29.436056 589.127441	 254.365372 453.316345
 -11.153646 -36.439865 610.358154	 152.025482 473.580536
 16.084234 -47.697639 595.246338	 254.795746 296.296600
 37.053158 -30.796951 601.531860	 189.961395 343.992554
 20.687565 -25.646204 584.804199	 160.725586 381.228882
 8.870895 -26.876617 586.002258	 128.171204 357.967285
 33.330032 2.439581 624.024475	 119.696793 322.444977
 -7.343819 -7.894213 623.911011	 158.811432 566.478577
 7.382496 19.189814 627.692749	 243.327011 435.027588
 26.997322 -48.501766 595.856262	 113.311234 497.041290
 -11.573135 -3.661072 637.203308	 105.213242 512.383057
 -12.158805 -49.863083 600.900696	 190.403595 373.033051
 24.223682 -58.951164 611.181396	 294.537292 361.251404
 31.410246 -23.320951 641.013123	 176.899887 486.963684
 37.440346 -30.881952 627.201904	 124.892899 438.801758
 -6.409638 -4.779709 643.958496	 251.363983 336.615326
 12.809501 -27.608492 580.202148	 267.547241 364.538330
 9.567919 -7.340844 602.364868	 287.188477 372.056702
 -5.152446 -20.936197 631.819214	 267.693665 459.574036
 39.823402 -33.002350 620.701721	 114.893501 415.072144
 9.292934 -10.772834 601.034607	 236.205124 313.502777
 38.335850 -21.343361 611.440613	 106.757889 420.575500
 33.691723 -1.708557 620.442017	 168.062500 354.083435
 45.428486 -17.420479 626.240906	 107.153473 567.199036
 40.065235 17.352478 643.632080	 170.315582 588.651917
 2.193498 28.128712 643.057861	 282.212708 396.708008
 17.156122 -60.294209 627.237183	 199.575592 406.491211
 23.505407 -7.384196 605.788818	 101.021751 533.115479
 18.797951 -63.237431 612.775208	 194.241394 354.742706
 26.853670 2.691615 670.087524	 200.634140 538.113403
 13.878838 -59.675385 628.598022	 208.799042 410.592285
 12.250182 -2.754942 603.597046	 202.013672 392.905457
 6.233258 -26.335152 643.170959	 138.765594 513.428040
 12.604219 -62.970520 615.686951	 294.537292 361.251404
 -0.461990 -12.958256 611.478455	 158.811432 566.478577
 22.610752 -58.879765 609.668335	 288.193604 501.136078
 39.430260 -22.269466 612.086670	 153.335815 525.194336
 32.617287 -17.111494 645.090698	 109.671921 533.072754
 4.415472 -18.625395 599.683044	 149.416656 568.326050
 0.210807 -52.942314 603.931091	 245.563965 518.361755
 11.363178 -64.906036 618.690552	 217.401230 370.742706
 8.203197 19.060184 628.170471	 225.445770 482.660400
 10.109386 -59.443752 623.292603	 261.974823 356.616943
 26.943348 19.330069 627.474304	 219.854660 301.095825
 32.916920 -51.763748 600.206665	 140.418945 326.621246
 12.360262 -22.472198 652.610535	 213.027634 527.109009
 26.897446 -20.427454 596.952332	 226.736923 302.070068
 44.073967 14.115995 657.671143	 241.630432 413.631836
 18.920780 -2.641038 676.126526	 147.022766 366.785095
 2.794893 -53.123367 604.163147	 245.659271 335.563293
 47.348278 -5.948923 637.101318	 111.353119 445.241180
 9.648671 -22.105837 588.587219	 176.616180 467.456238
 6.839753 -57.322933 608.797913	 233.534622 350.742462
 8.176422 -43.915859 592.081238	 223.743362 308.853638
 -0.164480 -46.681854 595.856628	 251.783447 316.584595
 8.110120 -21.932430 649.923584	 227.223007 517.970459
 -6.318686 -41.286724 596.101929	 126.613617 462.394135
 27.699448 -61.310413 610.342834	 188.361313 548.240967
 3.393313 -11.975624 651.646545	 257.269043 476.026855
 18.480890 -24.555618 654.764038	 197.924133 461.897278
 33.863430 -36.881027 592.756592	 133.363297 387.417358
 -4.832836 -22.707657 608.464294	 228.677002 394.702545
 30.120327 -19.597826 602.936584	 246.208145 532.076965
 21.742023 25.905037 626.634521	 124.892899 438.801758
 27.275284 6.350137 617.861328	 285.768555 386.192261
 12.435489 -58.886559 627.777344	 245.659271 335.563293
